0 0
1 0
2 0
3 0
4 0
5 0
6 0
7 0
8 0
9 0
10 0
11 1
12 1
13 1
14 2
15 2
16 3
17 3
18 4
19 5
20 7
21 8
22 10
23 11
24 14
25 15
26 19
27 22
28 26
29 29
30 35
31 38
32 46
33 51
34 60
35 65
36 76
37 81
38 94
39 104
40 124
41 128
42 146
43 156
44 177
45 189
46 217
47 240
48 266
49 275
50 311
51 332
52 381
53 417
54 439
55 467
56 511
57 539
58 594
59 637
60 708
61 773
62 857
63 1030
64 1102
65 1318
66 1404
67 1186
68 1328
69 1367
70 1499
71 1582
72 1728
73 1879
74 2138
75 2104
76 2285
77 2323
78 2494
79 2555
80 2689
81 2777
82 2867
83 2993
84 3154
85 3316
86 3545
87 3682
88 3930
89 4122
90 4363
91 4619
92 4890
93 5013
94 5303
95 5586
96 5940
97 6150
98 6483
99 6692
100 7084
